JAMES          3.318  3.318      1
JOHN           3.271  6.589      2
ROBERT         3.143  9.732      3
MICHAEL        2.629 12.361      4
WILLIAM        2.451 14.812      5
DAVID          2.363 17.176      6
RICHARD        1.703 18.878      7
CHARLES        1.523 20.401      8
JOSEPH         1.404 21.805      9
THOMAS         1.380 23.185     10
CHRISTOPHER    1.035 24.220     11
DANIEL         0.974 25.194     12
PAUL           0.948 26.142     13
MARK           0.938 27.081     14
DONALD         0.931 28.012     15
GEORGE         0.927 28.939     16
KENNETH        0.826 29.766     17
STEVEN         0.780 30.546     18
EDWARD         0.779 31.325     19
BRIAN          0.736 32.061     20
RONALD         0.725 32.787     21
ANTHONY        0.721 33.508     22
KEVIN          0.671 34.179     23
JASON          0.660 34.839     24
MATTHEW        0.657 35.496     25
GARY           0.650 36.147     26
TIMOTHY        0.640 36.786     27
JOSE           0.613 37.399     28
LARRY          0.598 37.997     29
JEFFREY        0.591 38.588     30
FRANK          0.581 39.169     31
SCOTT          0.546 39.715     32
ERIC           0.544 40.259     33
STEPHEN        0.540 40.799     34
ANDREW         0.537 41.335     35
RAYMOND        0.488 41.824     36
GREGORY        0.441 42.265     37
JOSHUA         0.435 42.700     38
JERRY          0.432 43.132     39
DENNIS         0.415 43.547     40
WALTER         0.399 43.946     41
PATRICK        0.389 44.335     42
PETER          0.381 44.716     43
HAROLD         0.371 45.087     44
DOUGLAS        0.367 45.454     45
HENRY          0.365 45.819     46
CARL           0.346 46.165     47
ARTHUR         0.335 46.500     48
RYAN           0.328 46.828     49
ROGER          0.322 47.150     50
JOE            0.321 47.471     51
JUAN           0.316 47.786     52
JACK           0.315 48.102     53
ALBERT         0.314 48.415     54
JONATHAN       0.313 48.729     55
JUSTIN         0.311 49.040     56
TERRY          0.311 49.351     57
GERALD         0.309 49.660     58
KEITH          0.308 49.968     59
SAMUEL         0.306 50.274     60
WILLIE         0.302 50.576     61
RALPH          0.282 50.859     62
LAWRENCE       0.282 51.141     63
NICHOLAS       0.275 51.415     64
ROY            0.273 51.688     65
BENJAMIN       0.270 51.958     66
BRUCE          0.263 52.221     67
BRANDON        0.260 52.480     68
ADAM           0.259 52.740     69
HARRY          0.251 52.991     70
FRED           0.251 53.241     71
WAYNE          0.249 53.490     72
BILLY          0.248 53.738     73
STEVE          0.246 53.984     74
LOUIS          0.243 54.227     75
JEREMY         0.242 54.469     76
AARON          0.240 54.710     77
RANDY          0.232 54.942     78
HOWARD         0.230 55.172     79
EUGENE         0.230 55.402     80
CARLOS         0.229 55.630     81
RUSSELL        0.224 55.854     82
BOBBY          0.223 56.077     83
VICTOR         0.222 56.299     84
MARTIN         0.216 56.515     85
ERNEST         0.215 56.730     86
PHILLIP        0.213 56.942     87
TODD           0.213 57.155     88
JESSE          0.209 57.364     89
CRAIG          0.206 57.570     90
ALAN           0.204 57.774     91
SHAWN          0.200 57.973     92
CLARENCE       0.197 58.170     93
SEAN           0.197 58.368     94
PHILIP         0.197 58.565     95
CHRIS          0.197 58.761     96
JOHNNY         0.195 58.957     97
EARL           0.193 59.149     98
JIMMY          0.191 59.340     99
ANTONIO        0.190 59.531    100
DANNY          0.190 59.720    101
BRYAN          0.190 59.910    102
TONY           0.190 60.100    103
LUIS           0.189 60.289    104
MIKE           0.189 60.478    105
STANLEY        0.186 60.665    106
LEONARD        0.186 60.850    107
NATHAN         0.185 61.035    108
DALE           0.184 61.219    109
MANUEL         0.181 61.400    110
RODNEY         0.180 61.581    111
CURTIS         0.180 61.761    112
NORMAN         0.177 61.938    113
ALLEN          0.174 62.112    114
MARVIN         0.171 62.283    115
VINCENT        0.168 62.450    116
GLENN          0.167 62.617    117
JEFFERY        0.166 62.783    118
TRAVIS         0.166 62.949    119
JEFF           0.166 63.114    120
CHAD           0.165 63.279    121
JACOB          0.165 63.444    122
LEE            0.162 63.606    123
MELVIN         0.162 63.768    124
ALFRED         0.162 63.930    125
KYLE           0.160 64.090    126
FRANCIS        0.160 64.250    127
BRADLEY        0.159 64.409    128
JESUS          0.155 64.564    129
HERBERT        0.155 64.719    130
FREDERICK      0.154 64.873    131
RAY            0.153 65.026    132
JOEL           0.152 65.177    133
EDWIN          0.148 65.326    134
DON            0.145 65.471    135
EDDIE          0.144 65.615    136
RICKY          0.141 65.756    137
TROY           0.138 65.895    138
RANDALL        0.138 66.032    139
BARRY          0.134 66.167    140
ALEXANDER      0.132 66.299    141
BERNARD        0.127 66.427    142
MARIO          0.125 66.552    143
LEROY          0.125 66.676    144
FRANCISCO      0.124 66.801    145
MARCUS         0.124 66.925    146
MICHEAL        0.123 67.048    147
THEODORE       0.123 67.171    148
CLIFFORD       0.123 67.293    149
MIGUEL         0.122 67.415    150
OSCAR          0.122 67.538    151
JAY            0.118 67.656    152
JIM            0.118 67.773    153
TOM            0.117 67.890    154
CALVIN         0.115 68.006    155
ALEX           0.115 68.120    156
JON            0.115 68.235    157
RONNIE         0.113 68.348    158
BILL           0.112 68.461    159
LLOYD          0.112 68.573    160
TOMMY          0.112 68.685    161
LEON           0.112 68.797    162
DEREK          0.112 68.908    163
WARREN         0.110 69.018    164
DARRELL        0.108 69.126    165